X	Y
0.000000e+00	1.000000e+00
4.882812e-04	9.997946e-01
9.765625e-04	9.995898e-01
1.464844e-03	9.993857e-01
1.953125e-03	9.991822e-01
2.441406e-03	9.989794e-01
2.929688e-03	9.987772e-01
3.417969e-03	9.985757e-01
3.906250e-03	9.983748e-01
4.394531e-03	9.981746e-01
4.882812e-03	9.979750e-01
5.371094e-03	9.977760e-01
5.859375e-03	9.975777e-01
6.347656e-03	9.973801e-01
6.835938e-03	9.971831e-01
7.324219e-03	9.969867e-01
7.812500e-03	9.967910e-01
8.300781e-03	9.965959e-01
8.789062e-03	9.964015e-01
9.277344e-03	9.962078e-01
9.765625e-03	9.960146e-01
1.025391e-02	9.958221e-01
1.074219e-02	9.956303e-01
1.123047e-02	9.954391e-01
1.171875e-02	9.952486e-01
1.220703e-02	9.950587e-01
1.269531e-02	9.948694e-01
1.318359e-02	9.946808e-01
1.367188e-02	9.944928e-01
1.416016e-02	9.943055e-01
1.464844e-02	9.941188e-01
1.513672e-02	9.939328e-01
1.562500e-02	9.937474e-01
1.611328e-02	9.935626e-01
1.660156e-02	9.933785e-01
1.708984e-02	9.931951e-01
1.757812e-02	9.930123e-01
1.806641e-02	9.928301e-01
1.855469e-02	9.926486e-01
1.904297e-02	9.924677e-01
1.953125e-02	9.922874e-01
2.001953e-02	9.921078e-01
2.050781e-02	9.919289e-01
2.099609e-02	9.917506e-01
2.148438e-02	9.915729e-01
2.197266e-02	9.913958e-01
2.246094e-02	9.912195e-01
2.294922e-02	9.910437e-01
2.343750e-02	9.908686e-01
2.392578e-02	9.906941e-01
2.441406e-02	9.905203e-01
2.490234e-02	9.903471e-01
2.539062e-02	9.901746e-01
2.587891e-02	9.900027e-01
2.636719e-02	9.898315e-01
2.685547e-02	9.896608e-01
2.734375e-02	9.894909e-01
2.783203e-02	9.893215e-01
2.832031e-02	9.891528e-01
2.880859e-02	9.889848e-01
2.929688e-02	9.888174e-01
2.978516e-02	9.886506e-01
3.027344e-02	9.884845e-01
3.076172e-02	9.883190e-01
3.125000e-02	9.881541e-01
3.173828e-02	9.879899e-01
3.222656e-02	9.878264e-01
3.271484e-02	9.876634e-01
3.320312e-02	9.875011e-01
3.369141e-02	9.873395e-01
3.417969e-02	9.871785e-01
3.466797e-02	9.870181e-01
3.515625e-02	9.868584e-01
3.564453e-02	9.866993e-01
3.613281e-02	9.865408e-01
3.662109e-02	9.863830e-01
3.710938e-02	9.862258e-01
3.759766e-02	9.860693e-01
3.808594e-02	9.859134e-01
3.857422e-02	9.857581e-01
3.906250e-02	9.856035e-01
3.955078e-02	9.854495e-01
4.003906e-02	9.852961e-01
4.052734e-02	9.851434e-01
4.101562e-02	9.849913e-01
4.150391e-02	9.848399e-01
4.199219e-02	9.846891e-01
4.248047e-02	9.845389e-01
4.296875e-02	9.843894e-01
4.345703e-02	9.842405e-01
4.394531e-02	9.840923e-01
4.443359e-02	9.839446e-01
4.492188e-02	9.837977e-01
4.541016e-02	9.836513e-01
4.589844e-02	9.835056e-01
4.638672e-02	9.833605e-01
4.687500e-02	9.832161e-01
4.736328e-02	9.830723e-01
4.785156e-02	9.829291e-01
4.833984e-02	9.827866e-01
4.882812e-02	9.826447e-01
4.931641e-02	9.825035e-01
4.980469e-02	9.823628e-01
5.029297e-02	9.822229e-01
5.078125e-02	9.820835e-01
5.126953e-02	9.819448e-01
5.175781e-02	9.818067e-01
5.224609e-02	9.816693e-01
5.273438e-02	9.815324e-01
5.322266e-02	9.813963e-01
5.371094e-02	9.812607e-01
5.419922e-02	9.811258e-01
5.468750e-02	9.809915e-01
5.517578e-02	9.808579e-01
5.566406e-02	9.807249e-01
5.615234e-02	9.805925e-01
5.664062e-02	9.804608e-01
5.712891e-02	9.803297e-01
5.761719e-02	9.801992e-01
5.810547e-02	9.800694e-01
5.859375e-02	9.799402e-01
5.908203e-02	9.798116e-01
5.957031e-02	9.796837e-01
6.005859e-02	9.795563e-01
6.054688e-02	9.794297e-01
6.103516e-02	9.793036e-01
6.152344e-02	9.791782e-01
6.201172e-02	9.790534e-01
6.250000e-02	9.789293e-01
6.298828e-02	9.788058e-01
6.347656e-02	9.786829e-01
6.396484e-02	9.785607e-01
6.445312e-02	9.784391e-01
6.494141e-02	9.783181e-01
6.542969e-02	9.781977e-01
6.591797e-02	9.780780e-01
6.640625e-02	9.779589e-01
6.689453e-02	9.778405e-01
6.738281e-02	9.777226e-01
6.787109e-02	9.776054e-01
6.835938e-02	9.774889e-01
6.884766e-02	9.773729e-01
6.933594e-02	9.772576e-01
6.982422e-02	9.771430e-01
7.031250e-02	9.770289e-01
7.080078e-02	9.769155e-01
7.128906e-02	9.768027e-01
7.177734e-02	9.766906e-01
7.226562e-02	9.765791e-01
7.275391e-02	9.764682e-01
7.324219e-02	9.763579e-01
7.373047e-02	9.762483e-01
7.421875e-02	9.761393e-01
7.470703e-02	9.760309e-01
7.519531e-02	9.759232e-01
7.568359e-02	9.758160e-01
7.617188e-02	9.757096e-01
7.666016e-02	9.756037e-01
7.714844e-02	9.754985e-01
7.763672e-02	9.753939e-01
7.812500e-02	9.752899e-01
7.861328e-02	9.751866e-01
7.910156e-02	9.750839e-01
7.958984e-02	9.749818e-01
8.007812e-02	9.748803e-01
8.056641e-02	9.747795e-01
8.105469e-02	9.746793e-01
8.154297e-02	9.745797e-01
8.203125e-02	9.744808e-01
8.251953e-02	9.743825e-01
8.300781e-02	9.742848e-01
8.349609e-02	9.741878e-01
8.398438e-02	9.740913e-01
8.447266e-02	9.739955e-01
8.496094e-02	9.739003e-01
8.544922e-02	9.738058e-01
8.593750e-02	9.737119e-01
8.642578e-02	9.736186e-01
8.691406e-02	9.735259e-01
8.740234e-02	9.734339e-01
8.789062e-02	9.733425e-01
8.837891e-02	9.732517e-01
8.886719e-02	9.731615e-01
8.935547e-02	9.730720e-01
8.984375e-02	9.729831e-01
9.033203e-02	9.728948e-01
9.082031e-02	9.728071e-01
9.130859e-02	9.727201e-01
9.179688e-02	9.726337e-01
9.228516e-02	9.725479e-01
9.277344e-02	9.724628e-01
9.326172e-02	9.723782e-01
9.375000e-02	9.722943e-01
9.423828e-02	9.722111e-01
9.472656e-02	9.721284e-01
9.521484e-02	9.720464e-01
9.570312e-02	9.719650e-01
9.619141e-02	9.718842e-01
9.667969e-02	9.718041e-01
9.716797e-02	9.717245e-01
9.765625e-02	9.716456e-01
9.814453e-02	9.715673e-01
9.863281e-02	9.714897e-01
9.912109e-02	9.714127e-01
9.960938e-02	9.713363e-01
1.000977e-01	9.712605e-01
1.005859e-01	9.711853e-01
1.010742e-01	9.711108e-01
1.015625e-01	9.710369e-01
1.020508e-01	9.709636e-01
1.025391e-01	9.708909e-01
1.030273e-01	9.708189e-01
1.035156e-01	9.707475e-01
1.040039e-01	9.706767e-01
1.044922e-01	9.706065e-01
1.049805e-01	9.705370e-01
1.054688e-01	9.704681e-01
1.059570e-01	9.703998e-01
1.064453e-01	9.703321e-01
1.069336e-01	9.702650e-01
1.074219e-01	9.701986e-01
1.079102e-01	9.701328e-01
1.083984e-01	9.700676e-01
1.088867e-01	9.700031e-01
1.093750e-01	9.699391e-01
1.098633e-01	9.698758e-01
1.103516e-01	9.698131e-01
1.108398e-01	9.697510e-01
1.113281e-01	9.696896e-01
1.118164e-01	9.696287e-01
1.123047e-01	9.695685e-01
1.127930e-01	9.695089e-01
1.132812e-01	9.694500e-01
1.137695e-01	9.693916e-01
1.142578e-01	9.693339e-01
1.147461e-01	9.692768e-01
1.152344e-01	9.692203e-01
1.157227e-01	9.691645e-01
1.162109e-01	9.691092e-01
1.166992e-01	9.690546e-01
1.171875e-01	9.690006e-01
1.176758e-01	9.689472e-01
1.181641e-01	9.688945e-01
1.186523e-01	9.688423e-01
1.191406e-01	9.687908e-01
1.196289e-01	9.687399e-01
1.201172e-01	9.686897e-01
1.206055e-01	9.686400e-01
1.210938e-01	9.685910e-01
1.215820e-01	9.685426e-01
1.220703e-01	9.684948e-01
1.225586e-01	9.684476e-01
1.230469e-01	9.684010e-01
1.235352e-01	9.683551e-01
1.240234e-01	9.683098e-01
1.245117e-01	9.682651e-01
1.250000e-01	9.682210e-01
1.254883e-01	9.681776e-01
1.259766e-01	9.681347e-01
1.264648e-01	9.680925e-01
1.269531e-01	9.680509e-01
1.274414e-01	9.680099e-01
1.279297e-01	9.679696e-01
1.284180e-01	9.679298e-01
1.289062e-01	9.678907e-01
1.293945e-01	9.678522e-01
1.298828e-01	9.678143e-01
1.303711e-01	9.677770e-01
1.308594e-01	9.677404e-01
1.313477e-01	9.677043e-01
1.318359e-01	9.676689e-01
1.323242e-01	9.676341e-01
1.328125e-01	9.676000e-01
1.333008e-01	9.675664e-01
1.337891e-01	9.675334e-01
1.342773e-01	9.675011e-01
1.347656e-01	9.674694e-01
1.352539e-01	9.674383e-01
1.357422e-01	9.674078e-01
1.362305e-01	9.673780e-01
1.367188e-01	9.673488e-01
1.372070e-01	9.673201e-01
1.376953e-01	9.672921e-01
1.381836e-01	9.672647e-01
1.386719e-01	9.672380e-01
1.391602e-01	9.672118e-01
1.396484e-01	9.671863e-01
1.401367e-01	9.671614e-01
1.406250e-01	9.671371e-01
1.411133e-01	9.671134e-01
1.416016e-01	9.670903e-01
1.420898e-01	9.670678e-01
1.425781e-01	9.670460e-01
1.430664e-01	9.670248e-01
1.435547e-01	9.670042e-01
1.440430e-01	9.669842e-01
1.445312e-01	9.669648e-01
1.450195e-01	9.669461e-01
1.455078e-01	9.669279e-01
1.459961e-01	9.669104e-01
1.464844e-01	9.668935e-01
1.469727e-01	9.668772e-01
1.474609e-01	9.668615e-01
1.479492e-01	9.668464e-01
1.484375e-01	9.668320e-01
1.489258e-01	9.668182e-01
1.494141e-01	9.668049e-01
1.499023e-01	9.667923e-01
1.503906e-01	9.667804e-01
1.508789e-01	9.667690e-01
1.513672e-01	9.667582e-01
1.518555e-01	9.667481e-01
1.523438e-01	9.667385e-01
1.528320e-01	9.667296e-01
1.533203e-01	9.667213e-01
1.538086e-01	9.667136e-01
1.542969e-01	9.667066e-01
1.547852e-01	9.667001e-01
1.552734e-01	9.666943e-01
1.557617e-01	9.666891e-01
1.562500e-01	9.666844e-01
1.567383e-01	9.666804e-01
1.572266e-01	9.666771e-01
1.577148e-01	9.666743e-01
1.582031e-01	9.666721e-01
1.586914e-01	9.666706e-01
1.591797e-01	9.666697e-01
1.596680e-01	9.666693e-01
1.601562e-01	9.666696e-01
1.606445e-01	9.666705e-01
1.611328e-01	9.666721e-01
1.616211e-01	9.666742e-01
1.621094e-01	9.666770e-01
1.625977e-01	9.666803e-01
1.630859e-01	9.666843e-01
1.635742e-01	9.666889e-01
1.640625e-01	9.666941e-01
1.645508e-01	9.666999e-01
1.650391e-01	9.667063e-01
1.655273e-01	9.667134e-01
1.660156e-01	9.667210e-01
1.665039e-01	9.667293e-01
1.669922e-01	9.667382e-01
1.674805e-01	9.667477e-01
1.679688e-01	9.667578e-01
1.684570e-01	9.667685e-01
1.689453e-01	9.667798e-01
1.694336e-01	9.667918e-01
1.699219e-01	9.668043e-01
1.704102e-01	9.668175e-01
1.708984e-01	9.668313e-01
1.713867e-01	9.668456e-01
1.718750e-01	9.668606e-01
1.723633e-01	9.668763e-01
1.728516e-01	9.668925e-01
1.733398e-01	9.669093e-01
1.738281e-01	9.669268e-01
1.743164e-01	9.669448e-01
1.748047e-01	9.669635e-01
1.752930e-01	9.669828e-01
1.757812e-01	9.670027e-01
1.762695e-01	9.670232e-01
1.767578e-01	9.670443e-01
1.772461e-01	9.670660e-01
1.777344e-01	9.670884e-01
1.782227e-01	9.671113e-01
1.787109e-01	9.671349e-01
1.791992e-01	9.671591e-01
1.796875e-01	9.671838e-01
1.801758e-01	9.672092e-01
1.806641e-01	9.672352e-01
1.811523e-01	9.672618e-01
1.816406e-01	9.672891e-01
1.821289e-01	9.673169e-01
1.826172e-01	9.673454e-01
1.831055e-01	9.673744e-01
1.835938e-01	9.674041e-01
1.840820e-01	9.674344e-01
1.845703e-01	9.674653e-01
1.850586e-01	9.674968e-01
1.855469e-01	9.675289e-01
1.860352e-01	9.675616e-01
1.865234e-01	9.675949e-01
1.870117e-01	9.676288e-01
1.875000e-01	9.676634e-01
1.879883e-01	9.676986e-01
1.884766e-01	9.677343e-01
1.889648e-01	9.677707e-01
1.894531e-01	9.678077e-01
1.899414e-01	9.678453e-01
1.904297e-01	9.678835e-01
1.909180e-01	9.679223e-01
1.914062e-01	9.679617e-01
1.918945e-01	9.680018e-01
1.923828e-01	9.680424e-01
1.928711e-01	9.680837e-01
1.933594e-01	9.681255e-01
1.938477e-01	9.681680e-01
1.943359e-01	9.682111e-01
1.948242e-01	9.682548e-01
1.953125e-01	9.682991e-01
1.958008e-01	9.683440e-01
1.962891e-01	9.683895e-01
1.967773e-01	9.684357e-01
1.972656e-01	9.684824e-01
1.977539e-01	9.685297e-01
1.982422e-01	9.685777e-01
1.987305e-01	9.686262e-01
1.992188e-01	9.686754e-01
1.997070e-01	9.687252e-01
2.001953e-01	9.687756e-01
2.006836e-01	9.688266e-01
2.011719e-01	9.688782e-01
2.016602e-01	9.689304e-01
2.021484e-01	9.689832e-01
2.026367e-01	9.690367e-01
2.031250e-01	9.690907e-01
2.036133e-01	9.691453e-01
2.041016e-01	9.692006e-01
2.045898e-01	9.692565e-01
2.050781e-01	9.693129e-01
2.055664e-01	9.693700e-01
2.060547e-01	9.694277e-01
2.065430e-01	9.694860e-01
2.070312e-01	9.695449e-01
2.075195e-01	9.696044e-01
2.080078e-01	9.696645e-01
2.084961e-01	9.697253e-01
2.089844e-01	9.697866e-01
2.094727e-01	9.698485e-01
2.099609e-01	9.699111e-01
2.104492e-01	9.699742e-01
2.109375e-01	9.700380e-01
2.114258e-01	9.701024e-01
2.119141e-01	9.701674e-01
2.124023e-01	9.702330e-01
2.128906e-01	9.702991e-01
2.133789e-01	9.703659e-01
2.138672e-01	9.704334e-01
2.143555e-01	9.705014e-01
2.148438e-01	9.705700e-01
2.153320e-01	9.706392e-01
2.158203e-01	9.707091e-01
2.163086e-01	9.707795e-01
2.167969e-01	9.708506e-01
2.172852e-01	9.709222e-01
2.177734e-01	9.709945e-01
2.182617e-01	9.710674e-01
2.187500e-01	9.711408e-01
2.192383e-01	9.712149e-01
2.197266e-01	9.712896e-01
2.202148e-01	9.713649e-01
2.207031e-01	9.714408e-01
2.211914e-01	9.715173e-01
2.216797e-01	9.715945e-01
2.221680e-01	9.716722e-01
2.226562e-01	9.717505e-01
2.231445e-01	9.718295e-01
2.236328e-01	9.719090e-01
2.241211e-01	9.719892e-01
2.246094e-01	9.720699e-01
2.250977e-01	9.721513e-01
2.255859e-01	9.722333e-01
2.260742e-01	9.723158e-01
2.265625e-01	9.723990e-01
2.270508e-01	9.724828e-01
2.275391e-01	9.725672e-01
2.280273e-01	9.726522e-01
2.285156e-01	9.727378e-01
2.290039e-01	9.728241e-01
2.294922e-01	9.729109e-01
2.299805e-01	9.729983e-01
2.304688e-01	9.730863e-01
2.309570e-01	9.731750e-01
2.314453e-01	9.732642e-01
2.319336e-01	9.733541e-01
2.324219e-01	9.734445e-01
2.329102e-01	9.735356e-01
2.333984e-01	9.736273e-01
2.338867e-01	9.737195e-01
2.343750e-01	9.738124e-01
2.348633e-01	9.739059e-01
2.353516e-01	9.740000e-01
2.358398e-01	9.740947e-01
2.363281e-01	9.741900e-01
2.368164e-01	9.742859e-01
2.373047e-01	9.743824e-01
2.377930e-01	9.744796e-01
2.382812e-01	9.745773e-01
2.387695e-01	9.746756e-01
2.392578e-01	9.747746e-01
2.397461e-01	9.748741e-01
2.402344e-01	9.749743e-01
2.407227e-01	9.750750e-01
2.412109e-01	9.751764e-01
2.416992e-01	9.752783e-01
2.421875e-01	9.753809e-01
2.426758e-01	9.754841e-01
2.431641e-01	9.755879e-01
2.436523e-01	9.756923e-01
2.441406e-01	9.757972e-01
2.446289e-01	9.759028e-01
2.451172e-01	9.760090e-01
2.456055e-01	9.761159e-01
2.460938e-01	9.762233e-01
2.465820e-01	9.763313e-01
2.470703e-01	9.764399e-01
2.475586e-01	9.765491e-01
2.480469e-01	9.766590e-01
2.485352e-01	9.767694e-01
2.490234e-01	9.768805e-01
2.495117e-01	9.769921e-01
2.500000e-01	9.771044e-01
2.504883e-01	9.772172e-01
2.509766e-01	9.773307e-01
2.514648e-01	9.774448e-01
2.519531e-01	9.775594e-01
2.524414e-01	9.776747e-01
2.529297e-01	9.777906e-01
2.534180e-01	9.779071e-01
2.539062e-01	9.780242e-01
2.543945e-01	9.781419e-01
2.548828e-01	9.782602e-01
2.553711e-01	9.783791e-01
2.558594e-01	9.784986e-01
2.563477e-01	9.786187e-01
2.568359e-01	9.787395e-01
2.573242e-01	9.788608e-01
2.578125e-01	9.789827e-01
2.583008e-01	9.791053e-01
2.587891e-01	9.792284e-01
2.592773e-01	9.793522e-01
2.597656e-01	9.794765e-01
2.602539e-01	9.796015e-01
2.607422e-01	9.797270e-01
2.612305e-01	9.798532e-01
2.617188e-01	9.799800e-01
2.622070e-01	9.801074e-01
2.626953e-01	9.802353e-01
2.631836e-01	9.803639e-01
2.636719e-01	9.804931e-01
2.641602e-01	9.806229e-01
2.646484e-01	9.807533e-01
2.651367e-01	9.808843e-01
2.656250e-01	9.810159e-01
2.661133e-01	9.811481e-01
2.666016e-01	9.812810e-01
2.670898e-01	9.814144e-01
2.675781e-01	9.815484e-01
2.680664e-01	9.816831e-01
2.685547e-01	9.818183e-01
2.690430e-01	9.819541e-01
2.695312e-01	9.820906e-01
2.700195e-01	9.822276e-01
2.705078e-01	9.823653e-01
2.709961e-01	9.825036e-01
2.714844e-01	9.826424e-01
2.719727e-01	9.827819e-01
2.724609e-01	9.829220e-01
2.729492e-01	9.830627e-01
2.734375e-01	9.832039e-01
2.739258e-01	9.833458e-01
2.744141e-01	9.834883e-01
2.749023e-01	9.836314e-01
2.753906e-01	9.837751e-01
2.758789e-01	9.839194e-01
2.763672e-01	9.840643e-01
2.768555e-01	9.842099e-01
2.773438e-01	9.843560e-01
2.778320e-01	9.845027e-01
2.783203e-01	9.846500e-01
2.788086e-01	9.847980e-01
2.792969e-01	9.849465e-01
2.797852e-01	9.850957e-01
2.802734e-01	9.852454e-01
2.807617e-01	9.853958e-01
2.812500e-01	9.855467e-01
2.817383e-01	9.856983e-01
2.822266e-01	9.858505e-01
2.827148e-01	9.860032e-01
2.832031e-01	9.861566e-01
2.836914e-01	9.863106e-01
2.841797e-01	9.864652e-01
2.846680e-01	9.866204e-01
2.851562e-01	9.867762e-01
2.856445e-01	9.869326e-01
2.861328e-01	9.870896e-01
2.866211e-01	9.872472e-01
2.871094e-01	9.874054e-01
2.875977e-01	9.875642e-01
2.880859e-01	9.877237e-01
2.885742e-01	9.878837e-01
2.890625e-01	9.880443e-01
2.895508e-01	9.882056e-01
2.900391e-01	9.883674e-01
2.905273e-01	9.885299e-01
2.910156e-01	9.886929e-01
2.915039e-01	9.888566e-01
2.919922e-01	9.890209e-01
2.924805e-01	9.891857e-01
2.929688e-01	9.893512e-01
2.934570e-01	9.895173e-01
2.939453e-01	9.896840e-01
2.944336e-01	9.898513e-01
2.949219e-01	9.900192e-01
2.954102e-01	9.901877e-01
2.958984e-01	9.903568e-01
2.963867e-01	9.905265e-01
2.968750e-01	9.906968e-01
2.973633e-01	9.908677e-01
2.978516e-01	9.910392e-01
2.983398e-01	9.912114e-01
2.988281e-01	9.913841e-01
2.993164e-01	9.915574e-01
2.998047e-01	9.917314e-01
3.002930e-01	9.919059e-01
3.007812e-01	9.920811e-01
3.012695e-01	9.922568e-01
3.017578e-01	9.924332e-01
3.022461e-01	9.926102e-01
3.027344e-01	9.927878e-01
3.032227e-01	9.929659e-01
3.037109e-01	9.931447e-01
3.041992e-01	9.933241e-01
3.046875e-01	9.935041e-01
3.051758e-01	9.936847e-01
3.056641e-01	9.938659e-01
3.061523e-01	9.940478e-01
3.066406e-01	9.942302e-01
3.071289e-01	9.944132e-01
3.076172e-01	9.945968e-01
3.081055e-01	9.947811e-01
3.085938e-01	9.949659e-01
3.090820e-01	9.951514e-01
3.095703e-01	9.953374e-01
3.100586e-01	9.955241e-01
3.105469e-01	9.957113e-01
3.110352e-01	9.958992e-01
3.115234e-01	9.960877e-01
3.120117e-01	9.962768e-01
3.125000e-01	9.964665e-01
3.129883e-01	9.966568e-01
3.134766e-01	9.968477e-01
3.139648e-01	9.970392e-01
3.144531e-01	9.972313e-01
3.149414e-01	9.974240e-01
3.154297e-01	9.976173e-01
3.159180e-01	9.978113e-01
3.164062e-01	9.980058e-01
3.168945e-01	9.982009e-01
3.173828e-01	9.983967e-01
3.178711e-01	9.985930e-01
3.183594e-01	9.987900e-01
3.188477e-01	9.989876e-01
3.193359e-01	9.991857e-01
3.198242e-01	9.993845e-01
3.203125e-01	9.995839e-01
3.208008e-01	9.997839e-01
3.212891e-01	9.999845e-01
3.217773e-01	1.000186e+00
3.222656e-01	1.000388e+00
3.227539e-01	1.000590e+00
3.232422e-01	1.000793e+00
3.237305e-01	1.000997e+00
3.242188e-01	1.001201e+00
3.247070e-01	1.001406e+00
3.251953e-01	1.001611e+00
3.256836e-01	1.001817e+00
3.261719e-01	1.002024e+00
3.266602e-01	1.002231e+00
3.271484e-01	1.002439e+00
3.276367e-01	1.002648e+00
3.281250e-01	1.002857e+00
3.286133e-01	1.003066e+00
3.291016e-01	1.003277e+00
3.295898e-01	1.003488e+00
3.300781e-01	1.003699e+00
3.305664e-01	1.003911e+00
3.310547e-01	1.004124e+00
3.315430e-01	1.004337e+00
3.320312e-01	1.004551e+00
3.325195e-01	1.004766e+00
3.330078e-01	1.004981e+00
3.334961e-01	1.005197e+00
3.339844e-01	1.005413e+00
3.344727e-01	1.005630e+00
3.349609e-01	1.005848e+00
3.354492e-01	1.006066e+00
3.359375e-01	1.006285e+00
3.364258e-01	1.006504e+00
3.369141e-01	1.006724e+00
3.374023e-01	1.006945e+00
3.378906e-01	1.007166e+00
3.383789e-01	1.007388e+00
3.388672e-01	1.007610e+00
3.393555e-01	1.007833e+00
3.398438e-01	1.008057e+00
3.403320e-01	1.008281e+00
3.408203e-01	1.008506e+00
3.413086e-01	1.008732e+00
3.417969e-01	1.008958e+00
3.422852e-01	1.009185e+00
3.427734e-01	1.009412e+00
3.432617e-01	1.009640e+00
3.437500e-01	1.009868e+00
3.442383e-01	1.010098e+00
3.447266e-01	1.010327e+00
3.452148e-01	1.010558e+00
3.457031e-01	1.010789e+00
3.461914e-01	1.011020e+00
3.466797e-01	1.011253e+00
3.471680e-01	1.011485e+00
3.476562e-01	1.011719e+00
3.481445e-01	1.011953e+00
3.486328e-01	1.012187e+00
3.491211e-01	1.012423e+00
3.496094e-01	1.012659e+00
3.500977e-01	1.012895e+00
3.505859e-01	1.013132e+00
3.510742e-01	1.013370e+00
3.515625e-01	1.013608e+00
3.520508e-01	1.013847e+00
3.525391e-01	1.014086e+00
3.530273e-01	1.014327e+00
3.535156e-01	1.014567e+00
3.540039e-01	1.014809e+00
3.544922e-01	1.015051e+00
3.549805e-01	1.015293e+00
3.554688e-01	1.015536e+00
3.559570e-01	1.015780e+00
3.564453e-01	1.016025e+00
3.569336e-01	1.016270e+00
3.574219e-01	1.016515e+00
3.579102e-01	1.016761e+00
3.583984e-01	1.017008e+00
3.588867e-01	1.017256e+00
3.593750e-01	1.017504e+00
3.598633e-01	1.017752e+00
3.603516e-01	1.018002e+00
3.608398e-01	1.018252e+00
3.613281e-01	1.018502e+00
3.618164e-01	1.018753e+00
3.623047e-01	1.019005e+00
3.627930e-01	1.019257e+00
3.632812e-01	1.019510e+00
3.637695e-01	1.019764e+00
3.642578e-01	1.020018e+00
3.647461e-01	1.020273e+00
3.652344e-01	1.020528e+00
3.657227e-01	1.020784e+00
3.662109e-01	1.021041e+00
3.666992e-01	1.021298e+00
3.671875e-01	1.021556e+00
3.676758e-01	1.021814e+00
3.681641e-01	1.022073e+00
3.686523e-01	1.022333e+00
3.691406e-01	1.022593e+00
3.696289e-01	1.022854e+00
3.701172e-01	1.023116e+00
3.706055e-01	1.023378e+00
3.710938e-01	1.023641e+00
3.715820e-01	1.023904e+00
3.720703e-01	1.024168e+00
3.725586e-01	1.024433e+00
3.730469e-01	1.024698e+00
3.735352e-01	1.024964e+00
3.740234e-01	1.025230e+00
3.745117e-01	1.025497e+00
3.750000e-01	1.025765e+00
3.754883e-01	1.026033e+00
3.759766e-01	1.026302e+00
3.764648e-01	1.026571e+00
3.769531e-01	1.026842e+00
3.774414e-01	1.027112e+00
3.779297e-01	1.027384e+00
3.784180e-01	1.027656e+00
3.789062e-01	1.027928e+00
3.793945e-01	1.028201e+00
3.798828e-01	1.028475e+00
3.803711e-01	1.028749e+00
3.808594e-01	1.029024e+00
3.813477e-01	1.029300e+00
3.818359e-01	1.029576e+00
3.823242e-01	1.029853e+00
3.828125e-01	1.030131e+00
3.833008e-01	1.030409e+00
3.837891e-01	1.030688e+00
3.842773e-01	1.030967e+00
3.847656e-01	1.031247e+00
3.852539e-01	1.031527e+00
3.857422e-01	1.031809e+00
3.862305e-01	1.032090e+00
3.867188e-01	1.032373e+00
3.872070e-01	1.032656e+00
3.876953e-01	1.032939e+00
3.881836e-01	1.033224e+00
3.886719e-01	1.033509e+00
3.891602e-01	1.033794e+00
3.896484e-01	1.034080e+00
3.901367e-01	1.034367e+00
3.906250e-01	1.034654e+00
3.911133e-01	1.034942e+00
3.916016e-01	1.035231e+00
3.920898e-01	1.035520e+00
3.925781e-01	1.035810e+00
3.930664e-01	1.036100e+00
3.935547e-01	1.036391e+00
3.940430e-01	1.036683e+00
3.945312e-01	1.036975e+00
3.950195e-01	1.037268e+00
3.955078e-01	1.037562e+00
3.959961e-01	1.037856e+00
3.964844e-01	1.038150e+00
3.969727e-01	1.038446e+00
3.974609e-01	1.038742e+00
3.979492e-01	1.039038e+00
3.984375e-01	1.039336e+00
3.989258e-01	1.039633e+00
3.994141e-01	1.039932e+00
3.999023e-01	1.040231e+00
4.003906e-01	1.040531e+00
4.008789e-01	1.040831e+00
4.013672e-01	1.041132e+00
4.018555e-01	1.041433e+00
4.023438e-01	1.041736e+00
4.028320e-01	1.042038e+00
4.033203e-01	1.042342e+00
4.038086e-01	1.042646e+00
4.042969e-01	1.042950e+00
4.047852e-01	1.043256e+00
4.052734e-01	1.043562e+00
4.057617e-01	1.043868e+00
4.062500e-01	1.044175e+00
4.067383e-01	1.044483e+00
4.072266e-01	1.044791e+00
4.077148e-01	1.045100e+00
4.082031e-01	1.045410e+00
4.086914e-01	1.045720e+00
4.091797e-01	1.046031e+00
4.096680e-01	1.046343e+00
4.101562e-01	1.046655e+00
4.106445e-01	1.046967e+00
4.111328e-01	1.047281e+00
4.116211e-01	1.047595e+00
4.121094e-01	1.047909e+00
4.125977e-01	1.048225e+00
4.130859e-01	1.048540e+00
4.135742e-01	1.048857e+00
4.140625e-01	1.049174e+00
4.145508e-01	1.049492e+00
4.150391e-01	1.049810e+00
4.155273e-01	1.050129e+00
4.160156e-01	1.050448e+00
4.165039e-01	1.050769e+00
4.169922e-01	1.051090e+00
4.174805e-01	1.051411e+00
4.179688e-01	1.051733e+00
4.184570e-01	1.052056e+00
4.189453e-01	1.052379e+00
4.194336e-01	1.052703e+00
4.199219e-01	1.053028e+00
4.204102e-01	1.053353e+00
4.208984e-01	1.053679e+00
4.213867e-01	1.054005e+00
4.218750e-01	1.054332e+00
4.223633e-01	1.054660e+00
4.228516e-01	1.054988e+00
4.233398e-01	1.055317e+00
4.238281e-01	1.055647e+00
4.243164e-01	1.055977e+00
4.248047e-01	1.056308e+00
4.252930e-01	1.056639e+00
4.257812e-01	1.056971e+00
4.262695e-01	1.057304e+00
4.267578e-01	1.057637e+00
4.272461e-01	1.057971e+00
4.277344e-01	1.058306e+00
4.282227e-01	1.058641e+00
4.287109e-01	1.058977e+00
4.291992e-01	1.059313e+00
4.296875e-01	1.059650e+00
4.301758e-01	1.059988e+00
4.306641e-01	1.060326e+00
4.311523e-01	1.060665e+00
4.316406e-01	1.061005e+00
4.321289e-01	1.061345e+00
4.326172e-01	1.061686e+00
4.331055e-01	1.062027e+00
4.335938e-01	1.062369e+00
4.340820e-01	1.062712e+00
4.345703e-01	1.063055e+00
4.350586e-01	1.063399e+00
4.355469e-01	1.063744e+00
4.360352e-01	1.064089e+00
4.365234e-01	1.064435e+00
4.370117e-01	1.064782e+00
4.375000e-01	1.065129e+00
4.379883e-01	1.065477e+00
4.384766e-01	1.065825e+00
4.389648e-01	1.066174e+00
4.394531e-01	1.066524e+00
4.399414e-01	1.066874e+00
4.404297e-01	1.067225e+00
4.409180e-01	1.067576e+00
4.414062e-01	1.067929e+00
4.418945e-01	1.068281e+00
4.423828e-01	1.068635e+00
4.428711e-01	1.068989e+00
4.433594e-01	1.069344e+00
4.438477e-01	1.069699e+00
4.443359e-01	1.070055e+00
4.448242e-01	1.070412e+00
4.453125e-01	1.070769e+00
4.458008e-01	1.071127e+00
4.462891e-01	1.071485e+00
4.467773e-01	1.071844e+00
4.472656e-01	1.072204e+00
4.477539e-01	1.072564e+00
4.482422e-01	1.072925e+00
4.487305e-01	1.073287e+00
4.492188e-01	1.073649e+00
4.497070e-01	1.074012e+00
4.501953e-01	1.074376e+00
4.506836e-01	1.074740e+00
4.511719e-01	1.075105e+00
4.516602e-01	1.075470e+00
4.521484e-01	1.075837e+00
4.526367e-01	1.076203e+00
4.531250e-01	1.076571e+00
4.536133e-01	1.076939e+00
4.541016e-01	1.077307e+00
4.545898e-01	1.077677e+00
4.550781e-01	1.078047e+00
4.555664e-01	1.078417e+00
4.560547e-01	1.078788e+00
4.565430e-01	1.079160e+00
4.570312e-01	1.079533e+00
4.575195e-01	1.079906e+00
4.580078e-01	1.080280e+00
4.584961e-01	1.080654e+00
4.589844e-01	1.081029e+00
4.594727e-01	1.081405e+00
4.599609e-01	1.081781e+00
4.604492e-01	1.082158e+00
4.609375e-01	1.082535e+00
4.614258e-01	1.082914e+00
4.619141e-01	1.083292e+00
4.624023e-01	1.083672e+00
4.628906e-01	1.084052e+00
4.633789e-01	1.084433e+00
4.638672e-01	1.084814e+00
4.643555e-01	1.085196e+00
4.648438e-01	1.085579e+00
4.653320e-01	1.085962e+00
4.658203e-01	1.086346e+00
4.663086e-01	1.086731e+00
4.667969e-01	1.087116e+00
4.672852e-01	1.087502e+00
4.677734e-01	1.087889e+00
4.682617e-01	1.088276e+00
4.687500e-01	1.088664e+00
4.692383e-01	1.089052e+00
4.697266e-01	1.089441e+00
4.702148e-01	1.089831e+00
4.707031e-01	1.090221e+00
4.711914e-01	1.090612e+00
4.716797e-01	1.091004e+00
4.721680e-01	1.091396e+00
4.726562e-01	1.091789e+00
4.731445e-01	1.092183e+00
4.736328e-01	1.092577e+00
4.741211e-01	1.092972e+00
4.746094e-01	1.093368e+00
4.750977e-01	1.093764e+00
4.755859e-01	1.094161e+00
4.760742e-01	1.094558e+00
4.765625e-01	1.094956e+00
4.770508e-01	1.095355e+00
4.775391e-01	1.095754e+00
4.780273e-01	1.096154e+00
4.785156e-01	1.096555e+00
4.790039e-01	1.096956e+00
4.794922e-01	1.097358e+00
4.799805e-01	1.097761e+00
4.804688e-01	1.098164e+00
4.809570e-01	1.098568e+00
4.814453e-01	1.098973e+00
4.819336e-01	1.099378e+00
4.824219e-01	1.099784e+00
4.829102e-01	1.100191e+00
4.833984e-01	1.100598e+00
4.838867e-01	1.101006e+00
4.843750e-01	1.101414e+00
4.848633e-01	1.101823e+00
4.853516e-01	1.102233e+00
4.858398e-01	1.102643e+00
4.863281e-01	1.103054e+00
4.868164e-01	1.103466e+00
4.873047e-01	1.103878e+00
4.877930e-01	1.104292e+00
4.882812e-01	1.104705e+00
4.887695e-01	1.105120e+00
4.892578e-01	1.105534e+00
4.897461e-01	1.105950e+00
4.902344e-01	1.106366e+00
4.907227e-01	1.106783e+00
4.912109e-01	1.107201e+00
4.916992e-01	1.107619e+00
4.921875e-01	1.108038e+00
4.926758e-01	1.108458e+00
4.931641e-01	1.108878e+00
4.936523e-01	1.109299e+00
4.941406e-01	1.109720e+00
4.946289e-01	1.110142e+00
4.951172e-01	1.110565e+00
4.956055e-01	1.110989e+00
4.960938e-01	1.111413e+00
4.965820e-01	1.111837e+00
4.970703e-01	1.112263e+00
4.975586e-01	1.112689e+00
4.980469e-01	1.113116e+00
4.985352e-01	1.113543e+00
4.990234e-01	1.113971e+00
4.995117e-01	1.114400e+00
5.000000e-01	1.114829e+00
5.004883e-01	1.115259e+00
5.009766e-01	1.115690e+00
5.014648e-01	1.116121e+00
5.019531e-01	1.116553e+00
5.024414e-01	1.116986e+00
5.029297e-01	1.117419e+00
5.034180e-01	1.117853e+00
5.039062e-01	1.118288e+00
5.043945e-01	1.118723e+00
5.048828e-01	1.119159e+00
5.053711e-01	1.119596e+00
5.058594e-01	1.120033e+00
5.063477e-01	1.120471e+00
5.068359e-01	1.120909e+00
5.073242e-01	1.121349e+00
5.078125e-01	1.121788e+00
5.083008e-01	1.122229e+00
5.087891e-01	1.122670e+00
5.092773e-01	1.123112e+00
5.097656e-01	1.123555e+00
5.102539e-01	1.123998e+00
5.107422e-01	1.124442e+00
5.112305e-01	1.124886e+00
5.117188e-01	1.125332e+00
5.122070e-01	1.125777e+00
5.126953e-01	1.126224e+00
5.131836e-01	1.126671e+00
5.136719e-01	1.127119e+00
5.141602e-01	1.127568e+00
5.146484e-01	1.128017e+00
5.151367e-01	1.128467e+00
5.156250e-01	1.128917e+00
5.161133e-01	1.129368e+00
5.166016e-01	1.129820e+00
5.170898e-01	1.130273e+00
5.175781e-01	1.130726e+00
5.180664e-01	1.131180e+00
5.185547e-01	1.131634e+00
5.190430e-01	1.132089e+00
5.195312e-01	1.132545e+00
5.200195e-01	1.133002e+00
5.205078e-01	1.133459e+00
5.209961e-01	1.133917e+00
5.214844e-01	1.134375e+00
5.219727e-01	1.134834e+00
5.224609e-01	1.135294e+00
5.229492e-01	1.135755e+00
5.234375e-01	1.136216e+00
5.239258e-01	1.136678e+00
5.244141e-01	1.137141e+00
5.249023e-01	1.137604e+00
5.253906e-01	1.138068e+00
5.258789e-01	1.138532e+00
5.263672e-01	1.138997e+00
5.268555e-01	1.139463e+00
5.273438e-01	1.139930e+00
5.278320e-01	1.140397e+00
5.283203e-01	1.140865e+00
5.288086e-01	1.141334e+00
5.292969e-01	1.141803e+00
5.297852e-01	1.142273e+00
5.302734e-01	1.142743e+00
5.307617e-01	1.143215e+00
5.312500e-01	1.143687e+00
5.317383e-01	1.144159e+00
5.322266e-01	1.144633e+00
5.327148e-01	1.145107e+00
5.332031e-01	1.145581e+00
5.336914e-01	1.146057e+00
5.341797e-01	1.146533e+00
5.346680e-01	1.147009e+00
5.351562e-01	1.147487e+00
5.356445e-01	1.147965e+00
5.361328e-01	1.148444e+00
5.366211e-01	1.148923e+00
5.371094e-01	1.149403e+00
5.375977e-01	1.149884e+00
5.380859e-01	1.150365e+00
5.385742e-01	1.150847e+00
5.390625e-01	1.151330e+00
5.395508e-01	1.151814e+00
5.400391e-01	1.152298e+00
5.405273e-01	1.152783e+00
5.410156e-01	1.153268e+00
5.415039e-01	1.153754e+00
5.419922e-01	1.154241e+00
5.424805e-01	1.154729e+00
5.429688e-01	1.155217e+00
5.434570e-01	1.155706e+00
5.439453e-01	1.156196e+00
5.444336e-01	1.156686e+00
5.449219e-01	1.157177e+00
5.454102e-01	1.157669e+00
5.458984e-01	1.158161e+00
5.463867e-01	1.158654e+00
5.468750e-01	1.159148e+00
5.473633e-01	1.159642e+00
5.478516e-01	1.160137e+00
5.483398e-01	1.160633e+00
5.488281e-01	1.161130e+00
5.493164e-01	1.161627e+00
5.498047e-01	1.162125e+00
5.502930e-01	1.162623e+00
5.507812e-01	1.163122e+00
5.512695e-01	1.163622e+00
5.517578e-01	1.164123e+00
5.522461e-01	1.164624e+00
5.527344e-01	1.165126e+00
5.532227e-01	1.165629e+00
5.537109e-01	1.166132e+00
5.541992e-01	1.166636e+00
5.546875e-01	1.167141e+00
5.551758e-01	1.167646e+00
5.556641e-01	1.168152e+00
5.561523e-01	1.168659e+00
5.566406e-01	1.169167e+00
5.571289e-01	1.169675e+00
5.576172e-01	1.170184e+00
5.581055e-01	1.170693e+00
5.585938e-01	1.171204e+00
5.590820e-01	1.171715e+00
5.595703e-01	1.172226e+00
5.600586e-01	1.172739e+00
5.605469e-01	1.173252e+00
5.610352e-01	1.173766e+00
5.615234e-01	1.174280e+00
5.620117e-01	1.174795e+00
5.625000e-01	1.175311e+00
5.629883e-01	1.175828e+00
5.634766e-01	1.176345e+00
5.639648e-01	1.176863e+00
5.644531e-01	1.177381e+00
5.649414e-01	1.177901e+00
5.654297e-01	1.178421e+00
5.659180e-01	1.178941e+00
5.664062e-01	1.179463e+00
5.668945e-01	1.179985e+00
5.673828e-01	1.180508e+00
5.678711e-01	1.181031e+00
5.683594e-01	1.181556e+00
5.688477e-01	1.182080e+00
5.693359e-01	1.182606e+00
5.698242e-01	1.183132e+00
5.703125e-01	1.183660e+00
5.708008e-01	1.184187e+00
5.712891e-01	1.184716e+00
5.717773e-01	1.185245e+00
5.722656e-01	1.185775e+00
5.727539e-01	1.186305e+00
5.732422e-01	1.186837e+00
5.737305e-01	1.187368e+00
5.742188e-01	1.187901e+00
5.747070e-01	1.188435e+00
5.751953e-01	1.188969e+00
5.756836e-01	1.189503e+00
5.761719e-01	1.190039e+00
5.766602e-01	1.190575e+00
5.771484e-01	1.191112e+00
5.776367e-01	1.191650e+00
5.781250e-01	1.192188e+00
5.786133e-01	1.192727e+00
5.791016e-01	1.193267e+00
5.795898e-01	1.193807e+00
5.800781e-01	1.194348e+00
5.805664e-01	1.194890e+00
5.810547e-01	1.195433e+00
5.815430e-01	1.195976e+00
5.820312e-01	1.196520e+00
5.825195e-01	1.197065e+00
5.830078e-01	1.197611e+00
5.834961e-01	1.198157e+00
5.839844e-01	1.198704e+00
5.844727e-01	1.199251e+00
5.849609e-01	1.199799e+00
5.854492e-01	1.200348e+00
5.859375e-01	1.200898e+00
5.864258e-01	1.201449e+00
5.869141e-01	1.202000e+00
5.874023e-01	1.202552e+00
5.878906e-01	1.203104e+00
5.883789e-01	1.203658e+00
5.888672e-01	1.204212e+00
5.893555e-01	1.204766e+00
5.898438e-01	1.205322e+00
5.903320e-01	1.205878e+00
5.908203e-01	1.206435e+00
5.913086e-01	1.206993e+00
5.917969e-01	1.207551e+00
5.922852e-01	1.208110e+00
5.927734e-01	1.208670e+00
5.932617e-01	1.209230e+00
5.937500e-01	1.209792e+00
5.942383e-01	1.210354e+00
5.947266e-01	1.210916e+00
5.952148e-01	1.211480e+00
5.957031e-01	1.212044e+00
5.961914e-01	1.212609e+00
5.966797e-01	1.213174e+00
5.971680e-01	1.213741e+00
5.976562e-01	1.214308e+00
5.981445e-01	1.214875e+00
5.986328e-01	1.215444e+00
5.991211e-01	1.216013e+00
5.996094e-01	1.216583e+00
6.000977e-01	1.217154e+00
6.005859e-01	1.217725e+00
6.010742e-01	1.218297e+00
6.015625e-01	1.218870e+00
6.020508e-01	1.219444e+00
6.025391e-01	1.220018e+00
6.030273e-01	1.220593e+00
6.035156e-01	1.221169e+00
6.040039e-01	1.221746e+00
6.044922e-01	1.222323e+00
6.049805e-01	1.222901e+00
6.054688e-01	1.223479e+00
6.059570e-01	1.224059e+00
6.064453e-01	1.224639e+00
6.069336e-01	1.225220e+00
6.074219e-01	1.225802e+00
6.079102e-01	1.226384e+00
6.083984e-01	1.226967e+00
6.088867e-01	1.227551e+00
6.093750e-01	1.228136e+00
6.098633e-01	1.228721e+00
6.103516e-01	1.229307e+00
6.108398e-01	1.229894e+00
6.113281e-01	1.230482e+00
6.118164e-01	1.231070e+00
6.123047e-01	1.231659e+00
6.127930e-01	1.232249e+00
6.132812e-01	1.232839e+00
6.137695e-01	1.233430e+00
6.142578e-01	1.234022e+00
6.147461e-01	1.234615e+00
6.152344e-01	1.235209e+00
6.157227e-01	1.235803e+00
6.162109e-01	1.236398e+00
6.166992e-01	1.236994e+00
6.171875e-01	1.237590e+00
6.176758e-01	1.238187e+00
6.181641e-01	1.238785e+00
6.186523e-01	1.239384e+00
6.191406e-01	1.239983e+00
6.196289e-01	1.240584e+00
6.201172e-01	1.241184e+00
6.206055e-01	1.241786e+00
6.210938e-01	1.242389e+00
6.215820e-01	1.242992e+00
6.220703e-01	1.243596e+00
6.225586e-01	1.244200e+00
6.230469e-01	1.244806e+00
6.235352e-01	1.245412e+00
6.240234e-01	1.246019e+00
6.245117e-01	1.246627e+00
6.250000e-01	1.247235e+00
6.254883e-01	1.247844e+00
6.259766e-01	1.248454e+00
6.264648e-01	1.249065e+00
6.269531e-01	1.249676e+00
6.274414e-01	1.250289e+00
6.279297e-01	1.250902e+00
6.284180e-01	1.251515e+00
6.289062e-01	1.252130e+00
6.293945e-01	1.252745e+00
6.298828e-01	1.253361e+00
6.303711e-01	1.253978e+00
6.308594e-01	1.254595e+00
6.313477e-01	1.255214e+00
6.318359e-01	1.255833e+00
6.323242e-01	1.256453e+00
6.328125e-01	1.257073e+00
6.333008e-01	1.257694e+00
6.337891e-01	1.258317e+00
6.342773e-01	1.258939e+00
6.347656e-01	1.259563e+00
6.352539e-01	1.260187e+00
6.357422e-01	1.260813e+00
6.362305e-01	1.261438e+00
6.367188e-01	1.262065e+00
6.372070e-01	1.262693e+00
6.376953e-01	1.263321e+00
6.381836e-01	1.263950e+00
6.386719e-01	1.264579e+00
6.391602e-01	1.265210e+00
6.396484e-01	1.265841e+00
6.401367e-01	1.266473e+00
6.406250e-01	1.267106e+00
6.411133e-01	1.267740e+00
6.416016e-01	1.268374e+00
6.420898e-01	1.269009e+00
6.425781e-01	1.269645e+00
6.430664e-01	1.270282e+00
6.435547e-01	1.270919e+00
6.440430e-01	1.271557e+00
6.445312e-01	1.272196e+00
6.450195e-01	1.272836e+00
6.455078e-01	1.273477e+00
6.459961e-01	1.274118e+00
6.464844e-01	1.274760e+00
6.469727e-01	1.275403e+00
6.474609e-01	1.276047e+00
6.479492e-01	1.276691e+00
6.484375e-01	1.277336e+00
6.489258e-01	1.277982e+00
6.494141e-01	1.278629e+00
6.499023e-01	1.279277e+00
6.503906e-01	1.279925e+00
6.508789e-01	1.280574e+00
6.513672e-01	1.281224e+00
6.518555e-01	1.281875e+00
6.523438e-01	1.282526e+00
6.528320e-01	1.283178e+00
6.533203e-01	1.283831e+00
6.538086e-01	1.284485e+00
6.542969e-01	1.285140e+00
6.547852e-01	1.285795e+00
6.552734e-01	1.286451e+00
6.557617e-01	1.287108e+00
6.562500e-01	1.287766e+00
6.567383e-01	1.288425e+00
6.572266e-01	1.289084e+00
6.577148e-01	1.289744e+00
6.582031e-01	1.290405e+00
6.586914e-01	1.291067e+00
6.591797e-01	1.291729e+00
6.596680e-01	1.292393e+00
6.601562e-01	1.293057e+00
6.606445e-01	1.293722e+00
6.611328e-01	1.294387e+00
6.616211e-01	1.295054e+00
6.621094e-01	1.295721e+00
6.625977e-01	1.296389e+00
6.630859e-01	1.297058e+00
6.635742e-01	1.297728e+00
6.640625e-01	1.298398e+00
6.645508e-01	1.299069e+00
6.650391e-01	1.299741e+00
6.655273e-01	1.300414e+00
6.660156e-01	1.301088e+00
6.665039e-01	1.301762e+00
6.669922e-01	1.302437e+00
6.674805e-01	1.303114e+00
6.679688e-01	1.303790e+00
6.684570e-01	1.304468e+00
6.689453e-01	1.305147e+00
6.694336e-01	1.305826e+00
6.699219e-01	1.306506e+00
6.704102e-01	1.307187e+00
6.708984e-01	1.307868e+00
6.713867e-01	1.308551e+00
6.718750e-01	1.309234e+00
6.723633e-01	1.309918e+00
6.728516e-01	1.310603e+00
6.733398e-01	1.311289e+00
6.738281e-01	1.311976e+00
6.743164e-01	1.312663e+00
6.748047e-01	1.313351e+00
6.752930e-01	1.314040e+00
6.757812e-01	1.314730e+00
6.762695e-01	1.315420e+00
6.767578e-01	1.316112e+00
6.772461e-01	1.316804e+00
6.777344e-01	1.317497e+00
6.782227e-01	1.318191e+00
6.787109e-01	1.318886e+00
6.791992e-01	1.319581e+00
6.796875e-01	1.320278e+00
6.801758e-01	1.320975e+00
6.806641e-01	1.321673e+00
6.811523e-01	1.322371e+00
6.816406e-01	1.323071e+00
6.821289e-01	1.323771e+00
6.826172e-01	1.324473e+00
6.831055e-01	1.325175e+00
6.835938e-01	1.325878e+00
6.840820e-01	1.326581e+00
6.845703e-01	1.327286e+00
6.850586e-01	1.327991e+00
6.855469e-01	1.328698e+00
6.860352e-01	1.329405e+00
6.865234e-01	1.330112e+00
6.870117e-01	1.330821e+00
6.875000e-01	1.331531e+00
6.879883e-01	1.332241e+00
6.884766e-01	1.332952e+00
6.889648e-01	1.333664e+00
6.894531e-01	1.334377e+00
6.899414e-01	1.335091e+00
6.904297e-01	1.335805e+00
6.909180e-01	1.336520e+00
6.914062e-01	1.337237e+00
6.918945e-01	1.337954e+00
6.923828e-01	1.338671e+00
6.928711e-01	1.339390e+00
6.933594e-01	1.340110e+00
6.938477e-01	1.340830e+00
6.943359e-01	1.341551e+00
6.948242e-01	1.342273e+00
6.953125e-01	1.342996e+00
6.958008e-01	1.343720e+00
6.962891e-01	1.344444e+00
6.967773e-01	1.345170e+00
6.972656e-01	1.345896e+00
6.977539e-01	1.346623e+00
6.982422e-01	1.347351e+00
6.987305e-01	1.348080e+00
6.992188e-01	1.348809e+00
6.997070e-01	1.349540e+00
7.001953e-01	1.350271e+00
7.006836e-01	1.351003e+00
7.011719e-01	1.351736e+00
7.016602e-01	1.352470e+00
7.021484e-01	1.353205e+00
7.026367e-01	1.353941e+00
7.031250e-01	1.354677e+00
7.036133e-01	1.355414e+00
7.041016e-01	1.356152e+00
7.045898e-01	1.356891e+00
7.050781e-01	1.357631e+00
7.055664e-01	1.358372e+00
7.060547e-01	1.359114e+00
7.065430e-01	1.359856e+00
7.070312e-01	1.360599e+00
7.075195e-01	1.361343e+00
7.080078e-01	1.362088e+00
7.084961e-01	1.362834e+00
7.089844e-01	1.363581e+00
7.094727e-01	1.364328e+00
7.099609e-01	1.365077e+00
7.104492e-01	1.365826e+00
7.109375e-01	1.366576e+00
7.114258e-01	1.367327e+00
7.119141e-01	1.368079e+00
7.124023e-01	1.368832e+00
7.128906e-01	1.369586e+00
7.133789e-01	1.370340e+00
7.138672e-01	1.371095e+00
7.143555e-01	1.371852e+00
7.148438e-01	1.372609e+00
7.153320e-01	1.373367e+00
7.158203e-01	1.374126e+00
7.163086e-01	1.374885e+00
7.167969e-01	1.375646e+00
7.172852e-01	1.376407e+00
7.177734e-01	1.377170e+00
7.182617e-01	1.377933e+00
7.187500e-01	1.378697e+00
7.192383e-01	1.379462e+00
7.197266e-01	1.380228e+00
7.202148e-01	1.380995e+00
7.207031e-01	1.381762e+00
7.211914e-01	1.382531e+00
7.216797e-01	1.383300e+00
7.221680e-01	1.384070e+00
7.226562e-01	1.384842e+00
7.231445e-01	1.385614e+00
7.236328e-01	1.386386e+00
7.241211e-01	1.387160e+00
7.246094e-01	1.387935e+00
7.250977e-01	1.388711e+00
7.255859e-01	1.389487e+00
7.260742e-01	1.390264e+00
7.265625e-01	1.391043e+00
7.270508e-01	1.391822e+00
7.275391e-01	1.392602e+00
7.280273e-01	1.393383e+00
7.285156e-01	1.394164e+00
7.290039e-01	1.394947e+00
7.294922e-01	1.395731e+00
7.299805e-01	1.396515e+00
7.304688e-01	1.397301e+00
7.309570e-01	1.398087e+00
7.314453e-01	1.398874e+00
7.319336e-01	1.399662e+00
7.324219e-01	1.400451e+00
7.329102e-01	1.401241e+00
7.333984e-01	1.402032e+00
7.338867e-01	1.402823e+00
7.343750e-01	1.403616e+00
7.348633e-01	1.404409e+00
7.353516e-01	1.405204e+00
7.358398e-01	1.405999e+00
7.363281e-01	1.406795e+00
7.368164e-01	1.407592e+00
7.373047e-01	1.408390e+00
7.377930e-01	1.409189e+00
7.382812e-01	1.409989e+00
7.387695e-01	1.410790e+00
7.392578e-01	1.411592e+00
7.397461e-01	1.412394e+00
7.402344e-01	1.413198e+00
7.407227e-01	1.414002e+00
7.412109e-01	1.414807e+00
7.416992e-01	1.415614e+00
7.421875e-01	1.416421e+00
7.426758e-01	1.417229e+00
7.431641e-01	1.418038e+00
7.436523e-01	1.418848e+00
7.441406e-01	1.419659e+00
7.446289e-01	1.420470e+00
7.451172e-01	1.421283e+00
7.456055e-01	1.422097e+00
7.460938e-01	1.422911e+00
7.465820e-01	1.423727e+00
7.470703e-01	1.424543e+00
7.475586e-01	1.425360e+00
7.480469e-01	1.426178e+00
7.485352e-01	1.426998e+00
7.490234e-01	1.427818e+00
7.495117e-01	1.428639e+00
7.500000e-01	1.429461e+00
7.504883e-01	1.430284e+00
7.509766e-01	1.431107e+00
7.514648e-01	1.431932e+00
7.519531e-01	1.432758e+00
7.524414e-01	1.433584e+00
7.529297e-01	1.434412e+00
7.534180e-01	1.435240e+00
7.539062e-01	1.436070e+00
7.543945e-01	1.436900e+00
7.548828e-01	1.437732e+00
7.553711e-01	1.438564e+00
7.558594e-01	1.439397e+00
7.563477e-01	1.440231e+00
7.568359e-01	1.441066e+00
7.573242e-01	1.441902e+00
7.578125e-01	1.442739e+00
7.583008e-01	1.443577e+00
7.587891e-01	1.444416e+00
7.592773e-01	1.445256e+00
7.597656e-01	1.446097e+00
7.602539e-01	1.446938e+00
7.607422e-01	1.447781e+00
7.612305e-01	1.448625e+00
7.617188e-01	1.449469e+00
7.622070e-01	1.450315e+00
7.626953e-01	1.451161e+00
7.631836e-01	1.452009e+00
7.636719e-01	1.452857e+00
7.641602e-01	1.453706e+00
7.646484e-01	1.454557e+00
7.651367e-01	1.455408e+00
7.656250e-01	1.456260e+00
7.661133e-01	1.457113e+00
7.666016e-01	1.457968e+00
7.670898e-01	1.458823e+00
7.675781e-01	1.459679e+00
7.680664e-01	1.460536e+00
7.685547e-01	1.461394e+00
7.690430e-01	1.462253e+00
7.695312e-01	1.463113e+00
7.700195e-01	1.463974e+00
7.705078e-01	1.464836e+00
7.709961e-01	1.465698e+00
7.714844e-01	1.466562e+00
7.719727e-01	1.467427e+00
7.724609e-01	1.468293e+00
7.729492e-01	1.469160e+00
7.734375e-01	1.470028e+00
7.739258e-01	1.470896e+00
7.744141e-01	1.471766e+00
7.749023e-01	1.472637e+00
7.753906e-01	1.473508e+00
7.758789e-01	1.474381e+00
7.763672e-01	1.475255e+00
7.768555e-01	1.476129e+00
7.773438e-01	1.477005e+00
7.778320e-01	1.477881e+00
7.783203e-01	1.478759e+00
7.788086e-01	1.479638e+00
7.792969e-01	1.480517e+00
7.797852e-01	1.481398e+00
7.802734e-01	1.482279e+00
7.807617e-01	1.483162e+00
7.812500e-01	1.484045e+00
7.817383e-01	1.484930e+00
7.822266e-01	1.485815e+00
7.827148e-01	1.486702e+00
7.832031e-01	1.487589e+00
7.836914e-01	1.488478e+00
7.841797e-01	1.489367e+00
7.846680e-01	1.490258e+00
7.851562e-01	1.491150e+00
7.856445e-01	1.492042e+00
7.861328e-01	1.492936e+00
7.866211e-01	1.493830e+00
7.871094e-01	1.494726e+00
7.875977e-01	1.495622e+00
7.880859e-01	1.496520e+00
7.885742e-01	1.497418e+00
7.890625e-01	1.498318e+00
7.895508e-01	1.499218e+00
7.900391e-01	1.500120e+00
7.905273e-01	1.501023e+00
7.910156e-01	1.501926e+00
7.915039e-01	1.502831e+00
7.919922e-01	1.503737e+00
7.924805e-01	1.504643e+00
7.929688e-01	1.505551e+00
7.934570e-01	1.506460e+00
7.939453e-01	1.507370e+00
7.944336e-01	1.508280e+00
7.949219e-01	1.509192e+00
7.954102e-01	1.510105e+00
7.958984e-01	1.511019e+00
7.963867e-01	1.511934e+00
7.968750e-01	1.512849e+00
7.973633e-01	1.513766e+00
7.978516e-01	1.514684e+00
7.983398e-01	1.515603e+00
7.988281e-01	1.516523e+00
7.993164e-01	1.517444e+00
7.998047e-01	1.518367e+00
8.002930e-01	1.519290e+00
8.007812e-01	1.520214e+00
8.012695e-01	1.521139e+00
8.017578e-01	1.522065e+00
8.022461e-01	1.522993e+00
8.027344e-01	1.523921e+00
8.032227e-01	1.524850e+00
8.037109e-01	1.525781e+00
8.041992e-01	1.526712e+00
8.046875e-01	1.527645e+00
8.051758e-01	1.528578e+00
8.056641e-01	1.529513e+00
8.061523e-01	1.530448e+00
8.066406e-01	1.531385e+00
8.071289e-01	1.532323e+00
8.076172e-01	1.533262e+00
8.081055e-01	1.534202e+00
8.085938e-01	1.535142e+00
8.090820e-01	1.536084e+00
8.095703e-01	1.537028e+00
8.100586e-01	1.537972e+00
8.105469e-01	1.538917e+00
8.110352e-01	1.539863e+00
8.115234e-01	1.540810e+00
8.120117e-01	1.541759e+00
8.125000e-01	1.542708e+00
8.129883e-01	1.543658e+00
8.134766e-01	1.544610e+00
8.139648e-01	1.545563e+00
8.144531e-01	1.546516e+00
8.149414e-01	1.547471e+00
8.154297e-01	1.548427e+00
8.159180e-01	1.549384e+00
8.164062e-01	1.550342e+00
8.168945e-01	1.551301e+00
8.173828e-01	1.552261e+00
8.178711e-01	1.553222e+00
8.183594e-01	1.554184e+00
8.188477e-01	1.555148e+00
8.193359e-01	1.556112e+00
8.198242e-01	1.557078e+00
8.203125e-01	1.558044e+00
8.208008e-01	1.559012e+00
8.212891e-01	1.559981e+00
8.217773e-01	1.560951e+00
8.222656e-01	1.561922e+00
8.227539e-01	1.562894e+00
8.232422e-01	1.563867e+00
8.237305e-01	1.564841e+00
8.242188e-01	1.565817e+00
8.247070e-01	1.566793e+00
8.251953e-01	1.567770e+00
8.256836e-01	1.568749e+00
8.261719e-01	1.569729e+00
8.266602e-01	1.570710e+00
8.271484e-01	1.571692e+00
8.276367e-01	1.572675e+00
8.281250e-01	1.573659e+00
8.286133e-01	1.574644e+00
8.291016e-01	1.575630e+00
8.295898e-01	1.576618e+00
8.300781e-01	1.577606e+00
8.305664e-01	1.578596e+00
8.310547e-01	1.579587e+00
8.315430e-01	1.580579e+00
8.320312e-01	1.581572e+00
8.325195e-01	1.582566e+00
8.330078e-01	1.583561e+00
8.334961e-01	1.584558e+00
8.339844e-01	1.585555e+00
8.344727e-01	1.586554e+00
8.349609e-01	1.587553e+00
8.354492e-01	1.588554e+00
8.359375e-01	1.589556e+00
8.364258e-01	1.590559e+00
8.369141e-01	1.591564e+00
8.374023e-01	1.592569e+00
8.378906e-01	1.593576e+00
8.383789e-01	1.594583e+00
8.388672e-01	1.595592e+00
8.393555e-01	1.596602e+00
8.398438e-01	1.597613e+00
8.403320e-01	1.598625e+00
8.408203e-01	1.599638e+00
8.413086e-01	1.600653e+00
8.417969e-01	1.601668e+00
8.422852e-01	1.602685e+00
8.427734e-01	1.603703e+00
8.432617e-01	1.604722e+00
8.437500e-01	1.605742e+00
8.442383e-01	1.606764e+00
8.447266e-01	1.607786e+00
8.452148e-01	1.608810e+00
8.457031e-01	1.609835e+00
8.461914e-01	1.610860e+00
8.466797e-01	1.611888e+00
8.471680e-01	1.612916e+00
8.476562e-01	1.613945e+00
8.481445e-01	1.614976e+00
8.486328e-01	1.616007e+00
8.491211e-01	1.617040e+00
8.496094e-01	1.618074e+00
8.500977e-01	1.619110e+00
8.505859e-01	1.620146e+00
8.510742e-01	1.621184e+00
8.515625e-01	1.622222e+00
8.520508e-01	1.623262e+00
8.525391e-01	1.624303e+00
8.530273e-01	1.625345e+00
8.535156e-01	1.626389e+00
8.540039e-01	1.627433e+00
8.544922e-01	1.628479e+00
8.549805e-01	1.629526e+00
8.554688e-01	1.630574e+00
8.559570e-01	1.631624e+00
8.564453e-01	1.632674e+00
8.569336e-01	1.633726e+00
8.574219e-01	1.634779e+00
8.579102e-01	1.635833e+00
8.583984e-01	1.636888e+00
8.588867e-01	1.637944e+00
8.593750e-01	1.639002e+00
8.598633e-01	1.640061e+00
8.603516e-01	1.641121e+00
8.608398e-01	1.642182e+00
8.613281e-01	1.643244e+00
8.618164e-01	1.644308e+00
8.623047e-01	1.645373e+00
8.627930e-01	1.646439e+00
8.632812e-01	1.647506e+00
8.637695e-01	1.648574e+00
8.642578e-01	1.649644e+00
8.647461e-01	1.650715e+00
8.652344e-01	1.651787e+00
8.657227e-01	1.652860e+00
8.662109e-01	1.653934e+00
8.666992e-01	1.655010e+00
8.671875e-01	1.656087e+00
8.676758e-01	1.657165e+00
8.681641e-01	1.658244e+00
8.686523e-01	1.659325e+00
8.691406e-01	1.660407e+00
8.696289e-01	1.661490e+00
8.701172e-01	1.662574e+00
8.706055e-01	1.663659e+00
8.710938e-01	1.664746e+00
8.715820e-01	1.665834e+00
8.720703e-01	1.666923e+00
8.725586e-01	1.668013e+00
8.730469e-01	1.669105e+00
8.735352e-01	1.670198e+00
8.740234e-01	1.671292e+00
8.745117e-01	1.672387e+00
8.750000e-01	1.673484e+00
8.754883e-01	1.674581e+00
8.759766e-01	1.675680e+00
8.764648e-01	1.676781e+00
8.769531e-01	1.677882e+00
8.774414e-01	1.678985e+00
8.779297e-01	1.680089e+00
8.784180e-01	1.681194e+00
8.789062e-01	1.682301e+00
8.793945e-01	1.683408e+00
8.798828e-01	1.684518e+00
8.803711e-01	1.685628e+00
8.808594e-01	1.686739e+00
8.813477e-01	1.687852e+00
8.818359e-01	1.688966e+00
8.823242e-01	1.690081e+00
8.828125e-01	1.691198e+00
8.833008e-01	1.692316e+00
8.837891e-01	1.693435e+00
8.842773e-01	1.694555e+00
8.847656e-01	1.695677e+00
8.852539e-01	1.696800e+00
8.857422e-01	1.697924e+00
8.862305e-01	1.699050e+00
8.867188e-01	1.700176e+00
8.872070e-01	1.701305e+00
8.876953e-01	1.702434e+00
8.881836e-01	1.703564e+00
8.886719e-01	1.704696e+00
8.891602e-01	1.705830e+00
8.896484e-01	1.706964e+00
8.901367e-01	1.708100e+00
8.906250e-01	1.709237e+00
8.911133e-01	1.710375e+00
8.916016e-01	1.711515e+00
8.920898e-01	1.712656e+00
8.925781e-01	1.713798e+00
8.930664e-01	1.714941e+00
8.935547e-01	1.716086e+00
8.940430e-01	1.717232e+00
8.945312e-01	1.718380e+00
8.950195e-01	1.719529e+00
8.955078e-01	1.720679e+00
8.959961e-01	1.721830e+00
8.964844e-01	1.722983e+00
8.969727e-01	1.724137e+00
8.974609e-01	1.725292e+00
8.979492e-01	1.726449e+00
8.984375e-01	1.727607e+00
8.989258e-01	1.728766e+00
8.994141e-01	1.729926e+00
8.999023e-01	1.731088e+00
9.003906e-01	1.732251e+00
9.008789e-01	1.733416e+00
9.013672e-01	1.734582e+00
9.018555e-01	1.735749e+00
9.023438e-01	1.736918e+00
9.028320e-01	1.738087e+00
9.033203e-01	1.739259e+00
9.038086e-01	1.740431e+00
9.042969e-01	1.741605e+00
9.047852e-01	1.742780e+00
9.052734e-01	1.743957e+00
9.057617e-01	1.745135e+00
9.062500e-01	1.746314e+00
9.067383e-01	1.747495e+00
9.072266e-01	1.748677e+00
9.077148e-01	1.749860e+00
9.082031e-01	1.751045e+00
9.086914e-01	1.752231e+00
9.091797e-01	1.753418e+00
9.096680e-01	1.754607e+00
9.101562e-01	1.755797e+00
9.106445e-01	1.756988e+00
9.111328e-01	1.758181e+00
9.116211e-01	1.759375e+00
9.121094e-01	1.760571e+00
9.125977e-01	1.761768e+00
9.130859e-01	1.762966e+00
9.135742e-01	1.764166e+00
9.140625e-01	1.765367e+00
9.145508e-01	1.766569e+00
9.150391e-01	1.767773e+00
9.155273e-01	1.768978e+00
9.160156e-01	1.770184e+00
9.165039e-01	1.771392e+00
9.169922e-01	1.772602e+00
9.174805e-01	1.773812e+00
9.179688e-01	1.775024e+00
9.184570e-01	1.776238e+00
9.189453e-01	1.777453e+00
9.194336e-01	1.778669e+00
9.199219e-01	1.779887e+00
9.204102e-01	1.781106e+00
9.208984e-01	1.782326e+00
9.213867e-01	1.783548e+00
9.218750e-01	1.784771e+00
9.223633e-01	1.785996e+00
9.228516e-01	1.787222e+00
9.233398e-01	1.788450e+00
9.238281e-01	1.789679e+00
9.243164e-01	1.790909e+00
9.248047e-01	1.792141e+00
9.252930e-01	1.793374e+00
9.257812e-01	1.794608e+00
9.262695e-01	1.795844e+00
9.267578e-01	1.797082e+00
9.272461e-01	1.798321e+00
9.277344e-01	1.799561e+00
9.282227e-01	1.800803e+00
9.287109e-01	1.802046e+00
9.291992e-01	1.803290e+00
9.296875e-01	1.804536e+00
9.301758e-01	1.805784e+00
9.306641e-01	1.807033e+00
9.311523e-01	1.808283e+00
9.316406e-01	1.809535e+00
9.321289e-01	1.810788e+00
9.326172e-01	1.812042e+00
9.331055e-01	1.813299e+00
9.335938e-01	1.814556e+00
9.340820e-01	1.815815e+00
9.345703e-01	1.817075e+00
9.350586e-01	1.818337e+00
9.355469e-01	1.819601e+00
9.360352e-01	1.820866e+00
9.365234e-01	1.822132e+00
9.370117e-01	1.823400e+00
9.375000e-01	1.824669e+00
9.379883e-01	1.825939e+00
9.384766e-01	1.827212e+00
9.389648e-01	1.828485e+00
9.394531e-01	1.829760e+00
9.399414e-01	1.831037e+00
9.404297e-01	1.832315e+00
9.409180e-01	1.833595e+00
9.414062e-01	1.834876e+00
9.418945e-01	1.836158e+00
9.423828e-01	1.837442e+00
9.428711e-01	1.838727e+00
9.433594e-01	1.840014e+00
9.438477e-01	1.841303e+00
9.443359e-01	1.842593e+00
9.448242e-01	1.843884e+00
9.453125e-01	1.845177e+00
9.458008e-01	1.846472e+00
9.462891e-01	1.847768e+00
9.467773e-01	1.849065e+00
9.472656e-01	1.850364e+00
9.477539e-01	1.851665e+00
9.482422e-01	1.852967e+00
9.487305e-01	1.854270e+00
9.492188e-01	1.855575e+00
9.497070e-01	1.856882e+00
9.501953e-01	1.858190e+00
9.506836e-01	1.859499e+00
9.511719e-01	1.860810e+00
9.516602e-01	1.862123e+00
9.521484e-01	1.863437e+00
9.526367e-01	1.864753e+00
9.531250e-01	1.866070e+00
9.536133e-01	1.867389e+00
9.541016e-01	1.868709e+00
9.545898e-01	1.870031e+00
9.550781e-01	1.871354e+00
9.555664e-01	1.872679e+00
9.560547e-01	1.874006e+00
9.565430e-01	1.875334e+00
9.570312e-01	1.876663e+00
9.575195e-01	1.877994e+00
9.580078e-01	1.879327e+00
9.584961e-01	1.880661e+00
9.589844e-01	1.881997e+00
9.594727e-01	1.883334e+00
9.599609e-01	1.884673e+00
9.604492e-01	1.886014e+00
9.609375e-01	1.887356e+00
9.614258e-01	1.888699e+00
9.619141e-01	1.890044e+00
9.624023e-01	1.891391e+00
9.628906e-01	1.892739e+00
9.633789e-01	1.894089e+00
9.638672e-01	1.895441e+00
9.643555e-01	1.896794e+00
9.648438e-01	1.898149e+00
9.653320e-01	1.899505e+00
9.658203e-01	1.900863e+00
9.663086e-01	1.902222e+00
9.667969e-01	1.903583e+00
9.672852e-01	1.904946e+00
9.677734e-01	1.906310e+00
9.682617e-01	1.907676e+00
9.687500e-01	1.909043e+00
9.692383e-01	1.910412e+00
9.697266e-01	1.911783e+00
9.702148e-01	1.913155e+00
9.707031e-01	1.914529e+00
9.711914e-01	1.915904e+00
9.716797e-01	1.917281e+00
9.721680e-01	1.918660e+00
9.726562e-01	1.920040e+00
9.731445e-01	1.921422e+00
9.736328e-01	1.922806e+00
9.741211e-01	1.924191e+00
9.746094e-01	1.925578e+00
9.750977e-01	1.926966e+00
9.755859e-01	1.928356e+00
9.760742e-01	1.929748e+00
9.765625e-01	1.931142e+00
9.770508e-01	1.932537e+00
9.775391e-01	1.933933e+00
9.780273e-01	1.935332e+00
9.785156e-01	1.936731e+00
9.790039e-01	1.938133e+00
9.794922e-01	1.939536e+00
9.799805e-01	1.940941e+00
9.804688e-01	1.942348e+00
9.809570e-01	1.943756e+00
9.814453e-01	1.945166e+00
9.819336e-01	1.946578e+00
9.824219e-01	1.947991e+00
9.829102e-01	1.949406e+00
9.833984e-01	1.950822e+00
9.838867e-01	1.952241e+00
9.843750e-01	1.953661e+00
9.848633e-01	1.955082e+00
9.853516e-01	1.956506e+00
9.858398e-01	1.957931e+00
9.863281e-01	1.959357e+00
9.868164e-01	1.960786e+00
9.873047e-01	1.962216e+00
9.877930e-01	1.963647e+00
9.882812e-01	1.965081e+00
9.887695e-01	1.966516e+00
9.892578e-01	1.967953e+00
9.897461e-01	1.969391e+00
9.902344e-01	1.970832e+00
9.907227e-01	1.972274e+00
9.912109e-01	1.973717e+00
9.916992e-01	1.975163e+00
9.921875e-01	1.976610e+00
9.926758e-01	1.978059e+00
9.931641e-01	1.979509e+00
9.936523e-01	1.980962e+00
9.941406e-01	1.982416e+00
9.946289e-01	1.983872e+00
9.951172e-01	1.985329e+00
9.956055e-01	1.986788e+00
9.960938e-01	1.988249e+00
9.965820e-01	1.989712e+00
9.970703e-01	1.991176e+00
9.975586e-01	1.992643e+00
9.980469e-01	1.994111e+00
9.985352e-01	1.995580e+00
9.990234e-01	1.997052e+00
9.995117e-01	1.998525e+00
1.000000e+00	2.000000e+00
